COMMON_CURRENT
! general FORMAT
18
2.000000e+00 1.000000e-02 2.500000e+00 1.000000e-02 10
3.000000e+00 1.000000e-02 3.500000e+00 1.000000e-02 -1.070309e+01 0.000000e+00
3.500000e+00 1.000000e-02 4.000000e+00 1.000000e-02 -2.703523e+00 0.000000e+00
4.000000e+00 1.000000e-02 4.500000e+00 1.000000e-02 -1.120879e+00 0.000000e+00
4.500000e+00 1.000000e-02 5.000000e+00 1.000000e-02 -4.748961e-01 0.000000e+00
5.000000e+00 1.000000e-02 5.500000e+00 1.000000e-02 -1.771109e-01 0.000000e+00
5.500000e+00 1.000000e-02 6.000000e+00 1.000000e-02 -1.080799e-01 0.000000e+00
6.000000e+00 1.000000e-02 6.500000e+00 1.000000e-02 -8.296853e-02 0.000000e+00
6.500000e+00 1.000000e-02 7.000000e+00 1.000000e-02 -6.331004e-02 0.000000e+00
7.000000e+00 1.000000e-02 7.500000e+00 1.000000e-02 -4.822180e-02 0.000000e+00
7.500000e+00 1.000000e-02 8.000000e+00 1.000000e-02 -3.737528e-02 0.000000e+00

2.500000e+00 1.000000e-02 3.000000e+00 1.000000e-02 10
3.500000e+00 1.000000e-02 4.000000e+00 1.000000e-02 -1.077952e+01 0.000000e+00
4.000000e+00 1.000000e-02 4.500000e+00 1.000000e-02 -2.764384e+00 0.000000e+00
4.500000e+00 1.000000e-02 5.000000e+00 1.000000e-02 -9.869783e-01 0.000000e+00
5.000000e+00 1.000000e-02 5.500000e+00 1.000000e-02 -3.245897e-01 0.000000e+00
5.500000e+00 1.000000e-02 6.000000e+00 1.000000e-02 -1.679588e-01 0.000000e+00
6.000000e+00 1.000000e-02 6.500000e+00 1.000000e-02 -1.181468e-01 0.000000e+00
6.500000e+00 1.000000e-02 7.000000e+00 1.000000e-02 -8.604299e-02 0.000000e+00
7.000000e+00 1.000000e-02 7.500000e+00 1.000000e-02 -6.346873e-02 0.000000e+00
7.500000e+00 1.000000e-02 8.000000e+00 1.000000e-02 -4.797310e-02 0.000000e+00
8.000000e+00 1.000000e-02 8.500000e+00 1.000000e-02 -3.971383e-02 0.000000e+00

3.000000e+00 1.000000e-02 3.500000e+00 1.000000e-02 10
4.000000e+00 1.000000e-02 4.500000e+00 1.000000e-02 -1.094056e+01 0.000000e+00
4.500000e+00 1.000000e-02 5.000000e+00 1.000000e-02 -2.554693e+00 0.000000e+00
5.000000e+00 1.000000e-02 5.500000e+00 1.000000e-02 -6.941748e-01 0.000000e+00
5.500000e+00 1.000000e-02 6.000000e+00 1.000000e-02 -2.878830e-01 0.000000e+00
6.000000e+00 1.000000e-02 6.500000e+00 1.000000e-02 -1.776937e-01 0.000000e+00
6.500000e+00 1.000000e-02 7.000000e+00 1.000000e-02 -1.208638e-01 0.000000e+00
7.000000e+00 1.000000e-02 7.500000e+00 1.000000e-02 -8.526125e-02 0.000000e+00
7.500000e+00 1.000000e-02 8.000000e+00 1.000000e-02 -6.233097e-02 0.000000e+00
8.000000e+00 1.000000e-02 8.500000e+00 1.000000e-02 -5.015711e-02 0.000000e+00
8.500000e+00 1.000000e-02 9.000000e+00 1.000000e-02 -4.884114e-02 0.000000e+00

3.500000e+00 1.000000e-02 4.000000e+00 1.000000e-02 10
4.500000e+00 1.000000e-02 5.000000e+00 1.000000e-02 -1.068800e+01 0.000000e+00
5.000000e+00 1.000000e-02 5.500000e+00 1.000000e-02 -1.955169e+00 0.000000e+00
5.500000e+00 1.000000e-02 6.000000e+00 1.000000e-02 -5.838725e-01 0.000000e+00
6.000000e+00 1.000000e-02 6.500000e+00 1.000000e-02 -2.903984e-01 0.000000e+00
6.500000e+00 1.000000e-02 7.000000e+00 1.000000e-02 -1.766868e-01 0.000000e+00
7.000000e+00 1.000000e-02 7.500000e+00 1.000000e-02 -1.163711e-01 0.000000e+00
7.500000e+00 1.000000e-02 8.000000e+00 1.000000e-02 -8.104672e-02 0.000000e+00
8.000000e+00 1.000000e-02 8.500000e+00 1.000000e-02 -6.271277e-02 0.000000e+00
8.500000e+00 1.000000e-02 9.000000e+00 1.000000e-02 -5.937957e-02 0.000000e+00
9.000000e+00 1.000000e-02 9.500000e+00 1.000000e-02 -5.162476e-02 0.000000e+00

4.000000e+00 1.000000e-02 4.500000e+00 1.000000e-02 10
5.000000e+00 1.000000e-02 5.500000e+00 1.000000e-02 -9.680143e+00 0.000000e+00
5.500000e+00 1.000000e-02 6.000000e+00 1.000000e-02 -1.717332e+00 0.000000e+00
6.000000e+00 1.000000e-02 6.500000e+00 1.000000e-02 -5.827356e-01 0.000000e+00
6.500000e+00 1.000000e-02 7.000000e+00 1.000000e-02 -2.857249e-01 0.000000e+00
7.000000e+00 1.000000e-02 7.500000e+00 1.000000e-02 -1.650211e-01 0.000000e+00
7.500000e+00 1.000000e-02 8.000000e+00 1.000000e-02 -1.049942e-01 0.000000e+00
8.000000e+00 1.000000e-02 8.500000e+00 1.000000e-02 -7.570358e-02 0.000000e+00
8.500000e+00 1.000000e-02 9.000000e+00 1.000000e-02 -6.818949e-02 0.000000e+00
9.000000e+00 1.000000e-02 9.500000e+00 1.000000e-02 -5.801277e-02 0.000000e+00
9.500000e+00 1.000000e-02 1.000000e+01 1.000000e-02 -3.864215e-02 0.000000e+00

4.500000e+00 1.000000e-02 5.000000e+00 1.000000e-02 10
5.500000e+00 1.000000e-02 6.000000e+00 1.000000e-02 -9.678834e+00 0.000000e+00
6.000000e+00 1.000000e-02 6.500000e+00 1.000000e-02 -1.952568e+00 0.000000e+00
6.500000e+00 1.000000e-02 7.000000e+00 1.000000e-02 -6.902148e-01 0.000000e+00
7.000000e+00 1.000000e-02 7.500000e+00 1.000000e-02 -3.194739e-01 0.000000e+00
7.500000e+00 1.000000e-02 8.000000e+00 1.000000e-02 -1.715616e-01 0.000000e+00
8.000000e+00 1.000000e-02 8.500000e+00 1.000000e-02 -1.067460e-01 0.000000e+00
8.500000e+00 1.000000e-02 9.000000e+00 1.000000e-02 -8.563447e-02 0.000000e+00
9.000000e+00 1.000000e-02 9.500000e+00 1.000000e-02 -6.916487e-02 0.000000e+00
9.500000e+00 1.000000e-02 1.000000e+01 1.000000e-02 -4.436881e-02 0.000000e+00
1.000000e+01 1.000000e-02 1.050000e+01 1.000000e-02 -2.927970e-02 0.000000e+00

5.000000e+00 1.000000e-02 5.500000e+00 1.000000e-02 10
6.000000e+00 1.000000e-02 6.500000e+00 1.000000e-02 -1.068137e+01 0.000000e+00
6.500000e+00 1.000000e-02 7.000000e+00 1.000000e-02 -2.544883e+00 0.000000e+00
7.000000e+00 1.000000e-02 7.500000e+00 1.000000e-02 -9.741130e-01 0.000000e+00
7.500000e+00 1.000000e-02 8.000000e+00 1.000000e-02 -4.604254e-01 0.000000e+00
8.000000e+00 1.000000e-02 8.500000e+00 1.000000e-02 -2.549939e-01 0.000000e+00
8.500000e+00 1.000000e-02 9.000000e+00 1.000000e-02 -1.840380e-01 0.000000e+00
9.000000e+00 1.000000e-02 9.500000e+00 1.000000e-02 -1.409518e-01 0.000000e+00
9.500000e+00 1.000000e-02 1.000000e+01 1.000000e-02 -8.696712e-02 0.000000e+00
1.000000e+01 1.000000e-02 1.050000e+01 1.000000e-02 -5.466605e-02 0.000000e+00
1.050000e+01 1.000000e-02 1.100000e+01 1.000000e-02 -3.838809e-02 0.000000e+00

5.500000e+00 1.000000e-02 6.000000e+00 1.000000e-02 10
6.500000e+00 1.000000e-02 7.000000e+00 1.000000e-02 -1.092188e+01 0.000000e+00
7.000000e+00 1.000000e-02 7.500000e+00 1.000000e-02 -2.738997e+00 0.000000e+00
7.500000e+00 1.000000e-02 8.000000e+00 1.000000e-02 -1.091204e+00 0.000000e+00
8.000000e+00 1.000000e-02 8.500000e+00 1.000000e-02 -5.471351e-01 0.000000e+00
8.500000e+00 1.000000e-02 9.000000e+00 1.000000e-02 -3.658297e-01 0.000000e+00
9.000000e+00 1.000000e-02 9.500000e+00 1.000000e-02 -2.698015e-01 0.000000e+00
9.500000e+00 1.000000e-02 1.000000e+01 1.000000e-02 -1.625487e-01 0.000000e+00
1.000000e+01 1.000000e-02 1.050000e+01 1.000000e-02 -9.951620e-02 0.000000e+00
1.050000e+01 1.000000e-02 1.100000e+01 1.000000e-02 -6.814371e-02 0.000000e+00
1.100000e+01 1.000000e-02 1.150000e+01 1.000000e-02 -5.044249e-02 0.000000e+00

6.000000e+00 1.000000e-02 6.500000e+00 1.000000e-02 10
7.000000e+00 1.000000e-02 7.500000e+00 1.000000e-02 -1.073966e+01 0.000000e+00
7.500000e+00 1.000000e-02 8.000000e+00 1.000000e-02 -2.653228e+00 0.000000e+00
8.000000e+00 1.000000e-02 8.500000e+00 1.000000e-02 -1.068158e+00 0.000000e+00
8.500000e+00 1.000000e-02 9.000000e+00 1.000000e-02 -6.191564e-01 0.000000e+00
9.000000e+00 1.000000e-02 9.500000e+00 1.000000e-02 -4.269225e-01 0.000000e+00
9.500000e+00 1.000000e-02 1.000000e+01 1.000000e-02 -2.475615e-01 0.000000e+00
1.000000e+01 1.000000e-02 1.050000e+01 1.000000e-02 -1.455124e-01 0.000000e+00
1.050000e+01 1.000000e-02 1.100000e+01 1.000000e-02 -9.586932e-02 0.000000e+00
1.100000e+01 1.000000e-02 1.150000e+01 1.000000e-02 -6.877776e-02 0.000000e+00
1.150000e+01 1.000000e-02 1.200000e+01 1.000000e-02 -5.217271e-02 0.000000e+00

6.500000e+00 1.000000e-02 7.000000e+00 1.000000e-02 9
7.500000e+00 1.000000e-02 8.000000e+00 1.000000e-02 -1.061250e+01 0.000000e+00
8.000000e+00 1.000000e-02 8.500000e+00 1.000000e-02 -2.595533e+00 0.000000e+00
8.500000e+00 1.000000e-02 9.000000e+00 1.000000e-02 -1.161121e+00 0.000000e+00
9.000000e+00 1.000000e-02 9.500000e+00 1.000000e-02 -7.139842e-01 0.000000e+00
9.500000e+00 1.000000e-02 1.000000e+01 1.000000e-02 -3.909244e-01 0.000000e+00
1.000000e+01 1.000000e-02 1.050000e+01 1.000000e-02 -2.165254e-01 0.000000e+00
1.050000e+01 1.000000e-02 1.100000e+01 1.000000e-02 -1.345580e-01 0.000000e+00
1.100000e+01 1.000000e-02 1.150000e+01 1.000000e-02 -9.187898e-02 0.000000e+00
1.150000e+01 1.000000e-02 1.200000e+01 1.000000e-02 -6.705644e-02 0.000000e+00

7.000000e+00 1.000000e-02 7.500000e+00 1.000000e-02 8
8.000000e+00 1.000000e-02 8.500000e+00 1.000000e-02 -1.051611e+01 0.000000e+00
8.500000e+00 1.000000e-02 9.000000e+00 1.000000e-02 -2.747753e+00 0.000000e+00
9.000000e+00 1.000000e-02 9.500000e+00 1.000000e-02 -1.365639e+00 0.000000e+00
9.500000e+00 1.000000e-02 1.000000e+01 1.000000e-02 -6.893872e-01 0.000000e+00
1.000000e+01 1.000000e-02 1.050000e+01 1.000000e-02 -3.554352e-01 0.000000e+00
1.050000e+01 1.000000e-02 1.100000e+01 1.000000e-02 -2.055769e-01 0.000000e+00
1.100000e+01 1.000000e-02 1.150000e+01 1.000000e-02 -1.316475e-01 0.000000e+00
1.150000e+01 1.000000e-02 1.200000e+01 1.000000e-02 -9.116127e-02 0.000000e+00

7.500000e+00 1.000000e-02 8.000000e+00 1.000000e-02 7
8.500000e+00 1.000000e-02 9.000000e+00 1.000000e-02 -1.072277e+01 0.000000e+00
9.000000e+00 1.000000e-02 9.500000e+00 1.000000e-02 -3.197664e+00 0.000000e+00
9.500000e+00 1.000000e-02 1.000000e+01 1.000000e-02 -1.390716e+00 0.000000e+00
1.000000e+01 1.000000e-02 1.050000e+01 1.000000e-02 -6.577251e-01 0.000000e+00
1.050000e+01 1.000000e-02 1.100000e+01 1.000000e-02 -3.517332e-01 0.000000e+00
1.100000e+01 1.000000e-02 1.150000e+01 1.000000e-02 -2.095168e-01 0.000000e+00
1.150000e+01 1.000000e-02 1.200000e+01 1.000000e-02 -1.362939e-01 0.000000e+00

8.000000e+00 1.000000e-02 8.500000e+00 1.000000e-02 6
9.000000e+00 1.000000e-02 9.500000e+00 1.000000e-02 -1.167396e+01 0.000000e+00
9.500000e+00 1.000000e-02 1.000000e+01 1.000000e-02 -3.373106e+00 0.000000e+00
1.000000e+01 1.000000e-02 1.050000e+01 1.000000e-02 -1.386254e+00 0.000000e+00
1.050000e+01 1.000000e-02 1.100000e+01 1.000000e-02 -6.802808e-01 0.000000e+00
1.100000e+01 1.000000e-02 1.150000e+01 1.000000e-02 -3.772059e-01 0.000000e+00
1.150000e+01 1.000000e-02 1.200000e+01 1.000000e-02 -2.304791e-01 0.000000e+00

8.500000e+00 1.000000e-02 9.000000e+00 1.000000e-02 5
9.500000e+00 1.000000e-02 1.000000e+01 1.000000e-02 -1.166979e+01 0.000000e+00
1.000000e+01 1.000000e-02 1.050000e+01 1.000000e-02 -3.187860e+00 0.000000e+00
1.050000e+01 1.000000e-02 1.100000e+01 1.000000e-02 -1.349075e+00 0.000000e+00
1.100000e+01 1.000000e-02 1.150000e+01 1.000000e-02 -6.903165e-01 0.000000e+00
1.150000e+01 1.000000e-02 1.200000e+01 1.000000e-02 -3.977131e-01 0.000000e+00

9.000000e+00 1.000000e-02 9.500000e+00 1.000000e-02 4
1.000000e+01 1.000000e-02 1.050000e+01 1.000000e-02 -1.070974e+01 0.000000e+00
1.050000e+01 1.000000e-02 1.100000e+01 1.000000e-02 -2.726620e+00 0.000000e+00
1.100000e+01 1.000000e-02 1.150000e+01 1.000000e-02 -1.130903e+00 0.000000e+00
1.150000e+01 1.000000e-02 1.200000e+01 1.000000e-02 -5.811974e-01 0.000000e+00

9.500000e+00 1.000000e-02 1.000000e+01 1.000000e-02 3
1.050000e+01 1.000000e-02 1.100000e+01 1.000000e-02 -1.049177e+01 0.000000e+00
1.100000e+01 1.000000e-02 1.150000e+01 1.000000e-02 -2.559002e+00 0.000000e+00
1.150000e+01 1.000000e-02 1.200000e+01 1.000000e-02 -1.019388e+00 0.000000e+00

1.000000e+01 1.000000e-02 1.050000e+01 1.000000e-02 2
1.100000e+01 1.000000e-02 1.150000e+01 1.000000e-02 -1.055996e+01 0.000000e+00
1.150000e+01 1.000000e-02 1.200000e+01 1.000000e-02 -2.577170e+00 0.000000e+00

1.050000e+01 1.000000e-02 1.100000e+01 1.000000e-02 1
1.150000e+01 1.000000e-02 1.200000e+01 1.000000e-02 -1.061157e+01 0.000000e+00

